ngrains
15

si(m)	ri(AU)	rhoi(g/cm3)
1e-5	300	1
1e-5	275	1
1e-5	250	1
1e-5	225	1
1e-5	200	1
1e-5	180	1
1e-5	160	1
1e-5	140	1
1e-5	120	1
1e-5	100	1
1e-5	90	1
1e-5	80	1
1e-5	70	1
1e-5	60	1
1e-5	50	1
1e-5	40	1
1e-5	30	1
1e-5	20	1
5e-5	300	1
5e-5	275	1
5e-5	250	1
5e-5	225	1
5e-5	200	1
5e-5	180	1
5e-5	160	1
5e-5	140	1
5e-5	120	1
5e-5	100	1
5e-5	90	1
5e-5	80	1
5e-5	70	1
5e-5	60	1
5e-5	50	1
5e-5	40	1
5e-5	30	1
5e-5	20	1
1e-4	300	1
1e-4	275	1
1e-4	250	1
1e-4	225	1
1e-4	200	1
1e-4	180	1
1e-4	160	1
1e-4	140	1
1e-4	120	1
1e-4	100	1
1e-4	90	1
1e-4	80	1
1e-4	70	1
1e-4	60	1
1e-4	50	1
1e-4	40	1
1e-4	30	1
1e-4	20	1
5e-4	300	1
5e-4	275	1
5e-4	250	1
5e-4	225	1
5e-4	200	1
5e-4	180	1
5e-4	160	1
5e-4	140	1
5e-4	120	1
5e-4	100	1
5e-4	90	1
5e-4	80	1
5e-4	70	1
5e-4	60	1
5e-4	50	1
5e-4	40	1
5e-4	30	1
5e-4	20	1
1e-3	300	1
1e-3	275	1
1e-3	250	1
1e-3	225	1
1e-3	200	1
1e-3	180	1
1e-3	160	1
1e-3	140	1
1e-3	120	1
1e-3	100	1
1e-3	90	1
1e-3	80	1
1e-3	70	1
1e-3	60	1
1e-3	50	1
1e-3	40	1
1e-3	30	1
1e-3	20	1
5e-3	300	1
5e-3	275	1
5e-3	250	1
5e-3	225	1
5e-3	200	1
5e-3	180	1
5e-3	160	1
5e-3	140	1
5e-3	120	1
5e-3	100	1
5e-3	90	1
5e-3	80	1
5e-3	70	1
5e-3	60	1
5e-3	50	1
5e-3	40	1
5e-3	30	1
5e-3	20	1
1e-2	300	1
1e-2	275	1
1e-2	250	1
1e-2	225	1
1e-2	200	1
1e-2	180	1
1e-2	160	1
1e-2	140	1
1e-2	120	1
1e-2	100	1
1e-2	90	1
1e-2	80	1
1e-2	70	1
1e-2	60	1
1e-2	50	1
1e-2	40	1
1e-2	30	1
1e-2	20	1


